3014397 121.67975 -24.03000 60422.96493 23.93606 79 0.02088 1.01021 r
3014414 120.77675 -26.73100 60422.96627 23.93606 79 0.01828 1.00843 r
3014433 119.84775 -29.43100 60422.96762 23.93606 79 0.01761 1.00930 r
3014413 119.30775 -27.82900 60422.96896 23.93606 79 0.01649 1.01246 r
3014396 120.24275 -25.14500 60422.97030 23.93606 79 0.01643 1.01469 r
3014434 121.32575 -28.32400 60422.97164 23.93606 79 0.01475 1.00976 r
3014379 119.72375 -23.56200 60422.97299 23.93606 79 0.01370 1.02148 r
3014395 118.78475 -26.23100 60422.97433 23.93606 79 0.01255 1.02085 r
3014412 117.81575 -28.89900 60422.97567 23.93606 79 0.01099 1.02282 r
3014455 121.89275 -29.92300 60422.97701 23.93606 79 0.01091 1.01219 r
3014435 122.77875 -27.18700 60422.97836 23.93606 79 0.01050 1.01285 r
3014415 122.22175 -25.60500 60422.97970 23.93606 79 0.01045 1.01747 r
3012341 118.88775 -32.12800 60422.98104 23.93606 79 0.01044 1.02539 r
3014378 118.27675 -24.63700 60422.98238 23.93606 79 0.00949 1.03557 r
3012364 120.98175 -32.65600 60422.98373 23.93606 79 0.00945 1.02196 r
3014454 120.40575 -31.04000 60422.98507 23.93606 79 0.00940 1.02493 r
3012363 119.44575 -33.75200 60422.98641 23.93606 79 0.00929 1.03130 r
3014432 118.34375 -30.51100 60422.98775 23.93606 79 0.00778 1.03663 r
3012382 120.02075 -35.38500 60422.98910 23.93606 79 0.00717 1.03455 r
3014411 116.29675 -29.94400 60422.99044 23.93606 79 0.00619 1.05098 r
3014377 116.80975 -25.68600 60422.99178 23.93606 79 0.00705 1.05622 r
3014367 124.79875 -17.43000 60422.99312 23.93606 79 0.00799 1.04821 r
3014401 127.22975 -19.25300 60422.99447 23.93606 79 0.00812 1.03458 r
3014368 126.15175 -16.20100 60422.99581 23.93606 79 0.00811 1.05240 r
3014384 126.68475 -17.72400 60422.99715 23.93606 79 0.00738 1.04541 r
3014352 124.27775 -15.90300 60422.99850 23.93606 79 0.00711 1.06521 r
3014385 128.02075 -16.45500 60422.99984 23.93606 79 0.00701 1.04974 r
3014402 128.56675 -17.97800 60423.00118 23.93606 79 0.00664 1.04289 r
3014353 125.62875 -14.68200 60423.00252 23.93606 79 0.00654 1.07207 r
3014419 127.78575 -20.78900 60423.00387 23.93606 79 0.00609 1.03879 r
3014354 126.96175 -13.42300 60423.00521 23.93606 79 0.00594 1.07760 r
3014339 123.76575 -14.38000 60423.00655 23.93606 79 0.00584 1.09072 r
3014370 128.80375 -13.64700 60423.00789 23.93606 79 0.00573 1.07245 r
3014369 127.48675 -14.93600 60423.00924 23.93606 79 0.00568 1.07327 r
3014386 129.33875 -15.16100 60423.01058 23.93606 79 0.00548 1.06592 r
3014420 129.12475 -19.50800 60423.01192 23.93606 79 0.00470 1.04942 r
3014355 128.27775 -12.13800 60423.01326 23.93606 79 0.00467 1.09330 r
3014340 125.11375 -13.16800 60423.01461 23.93606 79 0.00445 1.10754 r
3014362 117.78175 -23.04300 60423.01595 23.93606 79 0.00570 1.11552 r
3012319 116.80875 -31.56300 60423.01729 23.93606 79 0.00586 1.10920 r
3012340 117.33475 -33.18700 60423.01863 23.93606 79 0.00578 1.10814 r
3014394 117.30475 -27.29200 60423.01998 23.93606 79 0.00572 1.11939 r
3014456 123.35375 -28.77600 60423.02132 23.93606 79 0.00523 1.07550 r
3012383 121.57175 -34.28100 60423.02266 23.93606 79 0.00485 1.08818 r
3014393 115.80075 -28.32700 60423.02400 23.93606 79 0.00467 1.14376 r
3014361 116.32775 -24.08100 60423.02535 23.93606 79 0.00442 1.15606 r
3014477 122.48075 -31.53100 60423.02669 23.93606 79 0.00398 1.09209 r
3014479 125.38775 -29.18700 60423.02803 23.93606 79 0.00388 1.07751 r
3014478 123.94775 -30.37400 60423.02937 23.93606 79 0.00370 1.08938 r
3012398 120.61775 -37.02900 60423.03072 23.93606 79 0.00358 1.11810 r
3014497 124.56375 -31.98100 60423.03206 23.93606 79 0.00315 1.09085 r
3012384 123.08675 -33.14700 60423.03340 23.93606 79 0.00275 1.10488 r
3014498 126.00775 -30.78500 60423.03475 23.93606 79 0.00273 1.08818 r
3012401 125.19975 -33.59800 60423.03609 23.93606 79 0.00247 1.09643 r
3012399 122.18075 -35.91500 60423.03743 23.93606 79 0.00218 1.12402 r
3014514 126.65275 -32.39200 60423.03877 23.93606 79 0.00185 1.09307 r
3014403 129.88475 -16.67900 60423.04012 23.93606 79 0.00361 1.11736 r
3014341 126.44475 -11.91300 60423.04146 23.93606 79 0.00348 1.18429 r
3014327 123.25975 -12.85900 60423.04280 23.93606 79 0.00299 1.21638 r
3014371 130.09375 -12.31900 60423.04414 23.93606 79 0.00296 1.15596 r
3014387 130.63175 -13.83200 60423.04549 23.93606 79 0.00293 1.14459 r
3014328 124.60675 -11.65800 60423.04683 23.93606 79 0.00221 1.22810 r
3014404 131.17975 -15.34900 60423.04817 23.93606 79 0.00209 1.13817 r
3014356 129.56375 -10.80800 60423.04951 23.93606 79 0.00205 1.19140 r
3014342 127.75975 -10.63200 60423.05086 23.93606 79 0.00204 1.21752 r
3014421 130.44275 -18.20300 60423.05220 23.93606 79 0.00196 1.14060 r
2014357 130.00600 -9.41500 60423.05354 23.93606 79 0.00165 1.21469 r
3014422 131.73875 -16.86900 60423.05488 23.93606 79 0.00154 1.14519 r
3014388 131.88875 -12.45600 60423.05623 23.93606 79 0.00145 1.17871 r
3014441 131.01375 -19.73300 60423.05757 23.93606 79 0.00143 1.14517 r
3014360 114.85475 -25.09600 60423.05891 23.93606 79 0.00271 1.33604 r
3014376 115.32075 -26.71200 60423.06025 23.93606 79 0.00229 1.32677 r
3014375 113.80775 -27.71600 60423.06160 23.93606 79 0.00174 1.35693 r
3012400 123.70875 -34.77200 60423.06294 23.93606 79 0.00182 1.19817 r
3012414 125.85475 -35.22500 60423.06428 23.93606 79 0.00162 1.17978 r
3012415 127.31875 -34.01000 60423.06562 23.93606 79 0.00147 1.17019 r
3012413 124.35075 -36.40900 60423.06697 23.93606 79 0.00133 1.20655 r
3012424 126.53075 -36.86300 60423.06831 23.93606 79 0.00125 1.18782 r
3012412 122.81275 -37.56200 60423.06965 23.93606 79 0.00121 1.23616 r
3012379 115.15575 -38.52600 60423.07100 23.93606 79 0.00094 1.35342 r
3014359 113.35875 -26.09100 60423.07234 23.93606 79 0.00123 1.45767 r
3014317 122.76075 -11.34000 60423.07368 23.93606 79 0.00138 1.41594 r
2014343 128.24400 -9.29700 60423.07502 23.93606 79 0.00139 1.34718 r
3014405 132.44175 -13.97500 60423.07637 23.93606 79 0.00135 1.24324 r
3014372 131.34375 -10.93600 60423.07771 23.93606 79 0.00132 1.29437 r
3014329 125.93475 -10.40600 60423.07905 23.93606 79 0.00113 1.40284 r
3014406 133.66275 -12.55700 60423.08039 23.93606 79 0.00100 1.25895 r
3014423 133.00375 -15.49700 60423.08174 23.93606 79 0.00102 1.24902 r
2014330 126.45200 -9.12800 60423.08308 23.93606 79 0.00097 1.43960 r
3014389 133.09875 -11.02800 60423.08442 23.93606 79 0.00085 1.30350 r
3014318 124.10475 -10.15100 60423.08576 23.93606 79 0.00055 1.50072 r
3012425 128.00575 -35.63800 60423.08711 23.93606 79 0.00093 1.25168 r
3012423 125.02075 -38.05800 60423.08845 23.93606 79 0.00079 1.29778 r
3012431 127.23775 -38.51400 60423.08979 23.93606 79 0.00076 1.27286 r
